1 14
2 95
3 527
4 851
5 1247
6 3551
7 4307
8 8051
9 14351
10 26969
11 30227
12 37769
13 64769
14 87953
15 152051
16 163769
17 199553
18 202451
19 256793
20 275369
21 341969
22 455369
23 1070969
24 1095953
25 1159673
26 1232051
27 1625369
28 1702769
29 2005007
30 2081993
31 2116769
32 3674633
33 4040051
34 4397153
35 4523873
36 4600769
37 4941473
38 5075753
39 5405369
40 5630873
41 6036593
42 6593999
43 7144673
44 7305953
45 7935233
46 9941153
47 9997619
48 10304051
49 10477913
50 11390369
51 11777999
52 12552593
53 12938153
54 13505369
55 13815833
56 14265473
57 17164193
58 18121793
59 19421393
60 20547833
61 22155593
62 23882513
63 23941193
64 24531953
65 24979379
66 26656313
67 26748959
68 29127353
69 29192153
70 29517233
71 31438193
72 32182673
73 32694899
74 32867033
75 33907073
76 36324473
77 37417433
78 41023769
79 45117833
80 48066233
81 52098899
82 52229273
83 56971679
84 58889651
85 59258579
86 60419273
87 61732193
88 66634313
89 68012753
90 68111753
91 68359199
92 69105713
93 72896819
94 73924979
95 74183513
96 74856479
97 85100369
98 86824499
99 88115513
100 89983571
101 90667859
102 92217353
103 95882639
104 97179539
105 97653299
106 98962079
107 101545673
108 101666633
109 104591273
110 107184353
111 109997519
112 113358353
113 123276353
114 123943433
115 127779791
116 128527313
117 129208433
118 130576073
119 131950913
120 132020051
121 139286579
122 139569971
123 139641233
124 142205369
125 147184799
126 148497971
127 152843513
128 154181633
129 160578959
130 167494739
131 168427859
132 169442033
133 170771999
134 172974479
135 175349939
136 179104433
137 188046113
138 192016193
139 195524033
140 197626739
141 207446153
142 209178113
143 222218393
144 222397313
145 229885619
146 234181553
147 239258399
148 245329313
149 249386639
150 249576179
151 252714353
152 252905153
153 255200369
154 256544033
155 258758771
156 266244233
157 270174713
158 270667679
159 274829459
160 276622799
161 278122073
162 285170513
163 287200553
164 287708819
165 287912399
166 290259113
167 293847539
168 296941199
169 302864153
170 303909233
171 306004793
172 311275193
173 313183553
174 320660393
175 323028473
176 326596559
177 327681779
178 333902273
179 336868691
180 363016553
181 368178719
182 368869811
183 373146233
184 376281779
185 383297459
186 383650313
187 392752499
188 399439571
189 399798869
190 400519913
191 400879859
192 405337433
193 416894099
194 417262073
195 429234899
196 433971599
197 436976591
198 437353313
199 437729459
200 446560799
201 448083599
202 451646879
203 456761759
204 461519033
205 467596751
206 474890639
207 480398099
208 484087379
209 485672819
210 488320979
211 488586191
212 495239891
213 496710113
214 513158153
215 517652879
216 518336033
217 527528399
218 559416479
219 575135699
220 580183313
221 585832991
222 586704659
223 641254073
224 641709599
225 645057779
226 655001393
227 655769039
228 656230433
229 666878351
230 677456159
231 683089871
232 685287059
233 686544179
234 691268639
235 692847059
236 696009299
237 697593119
238 718668239
239 719151233
240 725601713
241 734030393
242 734517779
243 752513999
244 756469391
245 772394639
246 772728179
247 779414099
248 780754739
249 793886351
250 797778869
251 814131833
252 816358559
253 817216313
254 820650353
255 822885971
256 824436113
257 825297359
258 830476499
259 834978191
260 849605279
261 849955091
262 850480313
263 861891539
264 867184079
265 905227313
266 909203153
267 909745619
268 929761439
269 931042913
270 937461299
271 944455199
272 950364959
273 961495439
274 963356819
275 983574419
276 1013339633
277 1016015369
278 1019651999
279 1028292233
280 1034072393
281 1035230369
282 1045098959
283 1045681313
284 1048981919
285 1064585759
286 1065173513
287 1071449033
288 1076757971
289 1089791519
290 1092169679
291 1102704593
292 1111088633
293 1115092193
294 1115692979
295 1120709273
296 1129161353
297 1129765919
298 1133197313
299 1143318713
300 1174980659
301 1180128353
302 1192113473
303 1228011593
304 1234327433
305 1238757791
306 1264015553
307 1265081999
308 1279635359
309 1280709113
310 1285007153
311 1292977139
312 1298592671
313 1307689619
314 1312250369
315 1321831193
316 1337145233
317 1346595791
318 1361831153
319 1365597491
320 1366263113
321 1366928159
322 1387412879
323 1393006073
324 1400630369
325 1416166799
326 1433606513
327 1434287759
328 1445671859
329 1470875279
330 1499547551
331 1515388559
332 1545904499
333 1547792339
334 1548264479
335 1579584911
336 1584357791
337 1588181279
338 1592967119
339 1636849139
340 1641707699
341 1648521779
342 1669048691
343 1670519759
344 1673463839
345 1679851571
346 1680835379
347 1697604179
348 1701314753
349 1713711353
350 1739890319
351 1757453459
352 1768033679
353 1773588371
354 1789797011
355 1793352479
356 1800473999
357 1804805033
358 1812460073
359 1828588019
360 1835008313
361 1847107859
362 1852268819
363 1874542991
364 1884948431
365 1898779469
366 1908465971
367 1948779869
368 1949575091
369 1953285791
370 1980961439
371 1985771219
372 1994336339
373 1995944351
374 2006412593
375 2034189779
376 2072798159
377 2096906639
378 2127791759
379 2160575699
380 2166715679
381 2173144433
382 2189677811
383 2219539919
384 2247044153
385 2259860819
386 2268997331
387 2275003553
388 2308609679
389 2318133353
390 2327675891
391 2348564819
392 2365459871
393 2366627279
394 2380658639
395 2384758931
396 2435126153
397 2439569039
398 2457382559
399 2472276659
400 2490208979
401 2496800399
402 2535927539
403 2543789471
404 2557121999
405 2557728851
406 2590605779
407 2598551951
408 2602835699
409 2622771113
410 2648336819
411 2662250153
412 2686140959
413 2717327759
414 2719830479
415 2739265619
416 2783405939
417 2823115433
418 2827260959
419 2846435279
420 2917295519
421 2927675039
422 2936772239
423 2947837811
424 2958924191
425 2986403279
426 2987059091
427 3001176833
428 3017634233
429 3020271593
430 3050684033
431 3097589711
432 3114978719
433 3115648499
434 3117323633
435 3123356513
436 3126710633
437 3161025473
438 3182990099
439 3192475379
440 3194171033
441 3222037913
442 3237381779
443 3291545759
444 3344076959
445 3357970079
446 3372588851
447 3373982771
448 3398422991
449 3405072353
450 3416635679
451 3473687219
452 3505586639
453 3530498099
454 3536918159
455 3557644691
456 3570539891
457 3572691359
458 3612249779
459 3614053433
460 3638260499
461 3676723871
462 3694937171
463 3724904399
464 3749847071
465 3758670239
466 3792588431
467 3806642579
468 3847472159
469 3890764751
470 3899002739
471 3907249439
472 3922265759
473 3937310879
474 3949367711
475 3955779869
476 3962198291
477 3964464671
478 3969755411
479 3975806291
480 3990953651
481 3997020659
482 4028186399
483 4038856079
484 4056033713
485 4066357199
486 4080909299
487 4081675919
488 4132818113
489 4150966559
490 4173417779
491 4183114073
492 4203317633
493 4212268979
494 4246216313
495 4274805299
496 4285404113
497 4286582159
498 4298375219
499 4329902579
500 4388531891
501 4415203553
502 4469589869
503 4506167759
504 4512211673
505 4587894131
506 4591145939
507 4593585551
508 4611495839
509 4662977171
510 4665435791
511 4694167571
512 4699924511
513 4722987551
514 4723400273
515 4784211599
516 4879301279
517 4896499469
518 4925512499
519 4941526991
520 4956722591
521 4965174671
522 4971941519
523 4986336371
524 5015188499
525 5080410473
526 5092819871
527 5096245919
528 5099673119
529 5101816073
530 5110390913
531 5139168719
532 5168459039
533 5177953139
534 5195237459
535 5219483891
536 5277731279
537 5334548819
538 5345948831
539 5373182579
540 5396077139
541 5412838559
542 5438471891
543 5441570033
544 5457071759
545 5482809491
546 5494366751
547 5533573919
548 5549653391
549 5590851359
550 5594440991
551 5652933971
552 5653836239
553 5664669071
554 5681842259
555 5704478159
556 5707197491
557 5727159059
558 5738970911
559 5751250313
560 5754435539
561 5778127571
562 5791818191
563 5818332659
564 5843990291
565 5854085519
566 5855003699
567 5881662239
568 5919455219
569 5954590931
570 5965708019
571 5974052639
572 5989830611
573 6006559379
574 6044750879
575 6048483359
576 6058753619
577 6077449139
578 6087743951
579 6115864991
580 6137468339
581 6156284819
582 6160993439
583 6213852959
584 6219529871
585 6261239759
586 6268838351
587 6273589811
588 6281195891
589 6301660433
590 6373786271
591 6374744339
592 6375702479
593 6386246771
594 6426586931
595 6448731791
596 6503776691
597 6504744479
598 6512005553
599 6529932239
600 6559055519
601 6586295711
602 6593114579
603 6602861939
604 6612616499
605 6647792531
606 6675216179
607 6720391859
608 6797342291
609 6853852319
610 6874730771
611 6878711219
612 6894644531
613 6922572179
614 6929562911
615 6959563151
616 6991634831
617 6998157869
618 7048945139
619 7112054633
620 7145996531
621 7178494451
622 7184596019
623 7188665171
624 7196806931
625 7218711113
626 7225339379
627 7247797331
628 7262106899
629 7282573619
630 7284110153
631 7290768371
632 7326674591
633 7327701779
634 7342089971
635 7404946079
636 7419409871
637 7442167199
638 7476368531
639 7498692869
640 7585712591
641 7587803039
642 7640157839
643 7659049631
644 7667453471
645 7685326931
646 7695850451
647 7732739471
648 7785591071
649 7877448869
650 7891834271
651 7892900339
652 7935602099
653 7952715059
654 7973595869
655 7990213919
656 7996651151
657 8013293033
658 8025113633
659 8033177759
660 8065476239
661 8108641679
662 8117288591
663 8147589071
664 8168182259
665 8275904159
666 8311421633
667 8320722899
668 8331672659
669 8436054479
670 8490699869
671 8508954911
672 8535541919
673 8538868211
674 8562170399
675 8601077939
676 8625579251
677 8644535951
678 8663513459
679 8701530899
680 8707128719
681 8795813171
682 8819463119
683 8837503439
684 8842016399
685 8869118351
686 8915513459
687 8989883069
688 9020630273
689 9047433299
690 9058851059
691 9080564639
692 9104594099
693 9153896351
694 9249437651
695 9306074399
696 9362884019
697 9386121299
698 9404731859
699 9438510479
700 9510929951
701 9575404691
702 9667215059
703 9673115279
704 9681378611
705 9734584271
706 9739320719
707 9752351891
708 9776067251
709 9822395039
710 9823584371
711 9840242579
712 9845599469
713 9927331871
714 10010002451
715 10033427633
716 10073734799
717 10115330369
718 10228489871
719 10328249759
720 10357539359
721 10366089971
722 10374033353
723 10404611753
724 10421755313
725 10473884339
726 10510759859
727 10532300873
728 10563111473
729 10570512713
730 10626104633
731 10631053193
732 10677501599
733 10776930719
734 10820575859
735 10846805279
736 10859306639
737 10883079059
738 10969629071
739 10972142879
740 11063463233
741 11100097193
742 11126663033
743 11147558099
744 11177986451
745 11191946639
746 11237695439
747 11275890719
748 11306493599
749 11390865359
750 11424830513
751 11434451999
752 11458845491
753 11587660691
754 11671776671
755 11688636371
756 11702263073
757 11778326159
758 11912848691
759 11936435891
760 11941680659
761 11988935411
762 12071855759
763 12114744233
764 12165648179
765 12231916979
766 12235235513
767 12275752991
768 12400381193
769 12518923919
770 12586146719
771 12606348659
772 12742796831
773 12767191439
774 12783467471
775 12792966611
776 12802469279
777 12814692179
778 12885427571
779 12946798031
780 12986425139
781 12993263519
782 13044609113
783 13137285299
784 13140724433
785 13186846931
786 13192359539
787 13215111593
788 13246167839
789 13304930153
790 13327778291
791 13358273459
792 13360354313
793 13405470899
794 13417978271
795 13420758479
796 13434663839
797 13494538931
798 13518247199
799 13526619791
800 13672156559
801 13693211699
802 13757881811
803 13852347791
804 13890507539
805 13891921871
806 13940051999
807 13968402719
808 14018085779
809 14046515699
810 14067857039
811 14114152553
812 14174806739
813 14197675091
814 14224855199
815 14289332819
816 14415123713
817 14417284559
818 14477864351
819 14567523791
820 14569695869
821 14571869171
822 14577664019
823 14590706639
824 14593605791
825 14650196819
826 14712718991
827 14782668431
828 14807481971
829 14909874611
830 14939194451
831 14956800179
832 14987635151
833 15000859859
834 15003064913
835 15006739379
836 15083277971
837 15113505713
838 15124571699
839 15214728479
840 15228052979
841 15259166159
842 15309607199
843 15333372959
844 15335602313
845 15443529359
846 15456953651
847 15504731699
848 15542109599
849 15557073359
850 15561563891
851 15593015759
852 15686058911
853 15696581171
854 15698835869
855 15707106959
856 15805014899
857 16019205233
858 16054916639
859 16175260499
860 16198161359
861 16230249779
862 16343576339
863 16438829171
864 16464995231
865 16474235279
866 16477315871
867 16495805471
868 16574501939
869 16634807951
870 16644095519
871 16650288671
872 16715386319
873 16755748511
874 16768953869
875 16797714611
876 16800825299
877 16830391199
878 16877127119
879 16898178893
880 16963758869
881 17023203473
882 17070989711
883 17074125599
884 17075693651
885 17160475379
886 17169908531
887 17210028713
888 17212389791
889 17262805919
890 17282520113
891 17314874771
892 17352002273
893 17406579731
894 17478689693
895 17560489631
896 17592307871
897 17594694869
898 17692723571
899 17723063759
900 17763024659
901 17785422419
902 17851097039
903 17973155471
904 18018229199
905 18174813971
906 18195851039
907 18231479951
908 18356455571
909 18429690911
910 18610961459
911 18633887411
912 18666663251
913 18698646893
914 18701108879
915 18760232399
916 18761876051
917 18770095391
918 18830974451
919 18882057119
920 19039031699
921 19072989869
922 19140168479
923 19161756851
924 19178371571
925 19213285919
926 19441839731
927 19480342559
928 19522236659
929 19523913359
930 19570890191
931 19656600179
932 19725640079
933 19740811379
934 19786360271
935 19835341619
936 19949583893
937 19995372869
938 20051409353
939 20053957919
940 20100717473
941 20170532273
942 20173088399
943 20211455633
944 20213161673
945 20285734559
946 20395266719
947 20408122193
948 20564420153
949 20592823379
950 20618661839
951 20761063313
952 20793062579
953 21012531593
954 21040372553
955 21105696659
956 21166757519
957 21236649359
958 21241895891
959 21252390899
960 21273388691
961 21300526553
962 21364498931
963 21442623233
964 21462835379
965 21473384819
966 21555231233
967 21570208799
968 21596653139
969 21669016991
970 21718505759
971 21780446099
972 21835381199
973 21915248819
974 21933016979
975 22017514433
976 22062051833
977 22196827571
978 22216498079
979 22231704353
980 22422665939
981 22436145113
982 22481103713
983 22620760979
984 22667710739
985 22670421233
986 22690300433
987 22747275059
988 22758135539
989 22787109491
990 22796167631
991 22798884893
992 22810664399
993 22857810719
994 22885032659
995 22939525139
996 22959521951
997 22999541711
998 23030489939
999 23156316959
1000 23261435033
